10,109
10,167
10,11
10,35
10,4
10,200
10,95
8,13
8,8
26,3
26,2
26,1
20,3
20,2
20,1
19,3
19,2
19,1
12,3
12,2
12,1
11,30
11,28
11,27
11,26
11,24
11,23
11,22
11,21
11,20
11,19
11,18
11,17
11,16
11,15
11,14
11,13
11,11
11,9
11,8
11,7
11,6
11,5
11,4
11,3
11,2
11,1
10,316
10,311
10,291
10,277
10,276
10,275
10,274
10,248
10,229
10,220
10,210
10,205
10,201
10,188
10,176
10,174
18,1
10,165
18,3
10,154
10,153
10,125
10,124
10,115
10,110
10,85
10,84
10,83
10,68
10,32
14,1
10,30
14,3
10,21
10,7
13,1
10,3
13,3
10,2
10,1
9,7
9,6
9,5
9,4
9,3
9,2
9,1
8,18
8,17
8,16
8,15
8,14
8,12
8,11
8,10
8,9
8,7
8,5
8,4
